g= 9.8;
md= 0.034;
km= 0.060/md;
kd= 1000;
kp= 10;
kg= g*km;%/((2^16-1));
Kp=1000;
Kd=10;
Ki=1;
